20 18
23 20
12 16
10 18
10 16
8 18
14 20
0 6
23 14
0 6
6 14
12 14
15 18
7 12
12 18
19 18
12 20
13 18
9 18
26 20
6 14
7 16
14 18
22 18
9 12
0 4
13 18
12 16
6 16
19 18
7 14
12 16
16 16
12 14
1 10
22 18
1 14
0 20
0 6
10 14
16 16
12 14
19 20
4 16
14 14
13 18
13 16
11 16
14 20
3 12
1 20
17 18
15 14
20 18
18 16
20 18
3 16
10 18
8 18
21 20
12 18
9 16
1 8
17 16
9 12
18 18
0 14
12 18
18 14
15 16
9 14
7 16
19 16
0 2
7 14
14 18
18 16
21 18
13 14
20 20
8 16
24 20
0 8
22 20
6 12
6 18
15 18
9 12
4 8
11 18
20 18
0 18
0 8
0 14
1 8
8 16
23 18
23 16
3 14
13 18